179.50
158.24
178.72
164.48
159.68
159.20
163.85
181.66
170.02
172.71
158.74
163.91
167.98
165.81
166.43
167.78
165.63
152.96
152.02
166.11
162.00
157.00
175.79
170.23
165.59
164.91
165.03
170.61
175.58
159.26
170.93
159.61
172.27
179.27
161.29
162.02
169.00
171.40
176.94
179.04
165.74
182.19
161.32
157.54
160.96
165.81
175.85
175.98
167.48
166.88
173.00
171.63
161.44
173.40
155.08
155.97
166.21
169.93
169.33
165.75
168.18
173.95
165.66
155.73
177.89
162.83
178.97
174.71
170.41
169.04
167.15
171.11
177.37
170.61
173.15
169.37
162.91
155.40
168.84
164.57
165.86
159.67
170.66
163.46
169.99
170.82
170.41
169.05
166.13
169.52
158.70
169.00
157.49
166.91
166.18
160.88
164.83
161.99
180.90
158.38
185.22
170.13
166.82
177.34
171.85
159.26
171.49
173.46
158.10
167.85
157.75
162.12
177.67
165.08
170.47
170.18
175.26
168.91
168.76
151.91
181.83
160.04
176.18
159.52
171.60
167.61
170.79
173.74
180.18
169.83
162.61
173.18
163.57
163.59
161.68
158.36
163.32
169.68
158.37
153.87
170.63
164.19
172.12
172.76
158.59
174.47
160.38
161.73
166.69
181.81
179.34
168.96
161.49
162.66
171.13
166.84
169.41
178.48
160.69
169.94
159.77
178.78
165.56
162.80
175.75
149.78
163.83
166.13
158.81
161.23
154.10
156.05
166.17
155.15
173.33
150.13
178.89
173.28
170.22
170.24
171.31
167.59
166.46
176.11
163.18
164.69
166.73
170.53
164.98
155.98
171.82
170.53
169.70
169.62
167.65
165.13
166.08
170.72
166.82
166.89
158.65
174.11
166.26
167.30
169.78
174.13
170.24
169.57
152.10
161.83
165.33
173.71
169.47
170.77
171.93
173.47
179.97
153.10
169.90
170.54
168.84
171.30
168.64
152.22
154.75
171.69
167.67
156.87
167.13
167.58
172.73
168.03
157.97
175.74
179.69
163.92
171.72
167.83
181.97
164.27
174.82
166.31
164.04
173.81
171.77
166.66
170.74
163.74
173.97
169.55
163.11
160.21
169.98
152.98
170.08
169.22
176.31
170.38
166.78
165.72
160.49
169.81
157.79
161.26
169.01
159.00
157.69
157.49
172.69
167.19
175.10
182.57
165.28
174.81
178.82
165.48
160.17
169.81
169.66
172.01
174.92
164.84
160.36
161.13
176.48
178.41
156.97
165.97
175.99
165.47
173.14
165.98
165.69
162.59
166.56
153.56
167.82
177.02
162.59
170.59
175.45
164.18
175.13
155.17
175.79
160.18
159.79
162.09
164.95
153.78
165.42
163.56
166.49
159.60
178.47
176.14
167.70
156.35
172.04
166.72
171.33
171.96
158.74
151.61
161.85
165.37
169.36
160.98
158.13
164.25
171.89
170.89
163.47
172.03
162.96
172.37
167.18
177.23
150.33
179.40
167.94
172.27
177.48
169.47
177.20
183.89
166.15
158.17
179.83
164.76
166.94
169.10
171.40
173.67
151.10
165.88
166.58
172.95
168.46
159.36
151.33
170.68
164.21
170.68
154.42
180.99
180.29
159.89
167.14
171.93
161.11
154.45
175.79
164.70
166.00
162.70
152.41
158.66
169.13
168.65
167.52
165.52
176.21
163.92
167.13
164.94
169.63
179.33
168.11
164.30
165.09
162.37
175.43
159.32
174.88
177.15
172.74
156.92
180.93
162.72
173.64
166.19
168.19
167.58
162.65
149.54
165.13
160.63
161.53
154.75
173.33
173.75
164.33
162.00
173.90
172.40
166.91
166.36
161.38
179.31
172.69
164.42
171.47
153.33
174.71
151.44
166.54
172.69
154.24
173.36
160.62
165.79
176.51
167.48
163.28
160.55
163.00
160.83
159.79
159.12
157.04
158.16
164.48
161.28
170.62
184.60
163.40
158.16
171.09
173.79
164.44
167.41
153.34
166.24
170.34
163.60
168.91
166.87
169.19
173.45
162.40
166.26
166.58
165.30
165.73
168.89
168.27
155.37
172.07
170.03
152.15
165.95
175.19
165.55
166.86
160.22
168.57
172.01
169.37
170.07
168.54
167.03
161.50
175.20
180.40
165.86
174.27
171.08
167.66
171.91
161.62
161.89
173.34
181.65
161.50
156.27
163.06
167.16
165.31
167.48
160.27
164.61
165.53
168.13
167.78
163.17
155.57
165.66
179.92
168.14
162.16
170.40
156.50
164.71
163.76
171.83
163.13
154.59
162.13
165.43
159.30
159.00
169.16
171.87
173.66
171.01
162.13
164.25
164.78
177.71
162.17
158.25
165.05
156.49
149.95
171.56
153.06
157.05
161.89
172.83
163.83
180.82
168.64
165.98
164.22
170.91
165.34
161.49
162.08
156.26
160.90
158.85
164.01
171.16
165.46
177.31
168.19
165.00
173.84
164.85
167.89
153.31
166.44
171.05
168.80
159.90
168.30
165.29
175.06
176.93
161.94
152.36
167.15
167.75
170.43
169.00
161.13
166.32
179.94
168.69
169.72
163.20
159.82
165.57
166.59
169.69
168.33
161.55
165.04
166.60
165.08
162.88
171.25
166.40
172.35
146.00
157.52
165.11
172.79
170.09
170.00
170.41
161.40
169.71
165.37
159.53
167.40
162.35
163.44
172.66
163.92
173.87
178.31
163.57
167.65
169.46
169.70
169.86
169.10
165.29
169.83
184.29
158.03
162.71
174.47
163.62
153.52
159.43
160.58
146.86
157.27
162.24
155.60
159.99
167.81
166.07
176.24
158.05
168.54
161.55
155.21
160.22
169.67
184.40
168.42
174.07
168.86
161.65
165.62
166.64
176.32
170.24
166.35
162.51
167.79
172.08
154.70
169.53
158.44
158.46
172.72
163.24
169.46
174.27
168.04
167.93
165.48
162.87
153.46
175.11
165.70
155.69
167.98
153.66
175.51
166.62
168.09
162.63
175.94
165.11
169.44
167.32
161.42
167.81
163.36
157.19
153.27
168.21
155.61
163.51
161.97
173.66
160.96
182.92
159.73
169.40
169.51
174.76
151.98
175.92
167.07
171.46
173.20
176.36
166.06
175.92
158.96
161.89
163.05
166.72
166.77
173.76
171.34
168.36
147.03
166.42
173.58
170.18
168.88
163.41
159.31
166.88
157.46
168.18
176.69
154.89
162.67
160.97
163.00
155.64
165.65
159.41
158.04
179.29
158.99
173.63
170.54
156.96
163.60
159.98
162.44
162.52
158.89
160.10
164.15
178.22
165.56
185.97
175.17
163.79
169.27
169.09
172.28
167.78
168.93
173.92
162.51
160.27
165.78
167.73
174.53
177.64
167.49
173.94
162.60
170.23
165.55
162.64
179.15
179.37
164.09
149.03
177.00
170.34
158.46
165.74
170.91
176.19
171.21
160.85
162.33
172.16
162.04
176.13
155.30
165.29
163.39
165.36
163.77
174.48
171.29
164.24
173.05
154.09
169.14
167.73
158.87
162.52
170.84
165.65
168.63
166.90
175.37
167.97
166.69
167.99
164.56
166.83
162.55
158.79
163.32
172.96
159.66
152.30
171.93
177.86
165.87
171.19
179.05
161.68
173.59
173.19
155.23
176.81
171.57
175.56
162.33
174.94
169.67
169.35
171.04
163.88
168.34
176.01
174.26
166.24
163.35
152.85
174.84
166.01
166.56
167.71
166.71
165.90
172.37
172.87
158.41
180.80
175.86
157.20
177.43
169.11
167.30
159.33
166.81
162.79
164.98
167.76
178.40
167.93
169.88
158.60
155.22
166.48
167.68
175.51
167.84
158.53
163.99
171.46
165.26
166.97
176.92
172.00
176.28
170.69
150.48
164.69
175.33
166.85
171.66
159.83
170.98
161.22
167.47
164.61
167.90
165.30
175.92
169.95
163.07
167.72
163.21
165.96
177.79
166.87
176.77
165.75
174.97
168.38
176.78
169.00
169.12
166.86
168.62
171.63
167.41
166.04
173.23
182.97
156.96
177.76
173.62
172.74
173.35
158.92
185.12
171.93
159.03
164.45
176.79
156.84
185.52
159.09
155.77
172.31
168.34
169.91
176.02
173.72
163.11
166.76
164.38
161.45
165.31
163.20
169.15
173.84
160.06
164.06
160.45
165.07
170.40
171.81
171.94
161.90
168.40
163.94
174.68
169.91
174.05
166.98
168.84
163.10
158.05
176.45
157.64
148.85
171.02
176.29
169.22
164.94
154.72
166.31
169.87
177.10
168.86
163.14
169.72
168.57
158.07
158.65
177.02
156.37
160.93
171.32
156.76
169.40
173.59
174.91
177.03
171.37
169.87
157.37
169.21
171.58
171.69
173.51
176.45
175.82
167.81
168.50
159.87
159.37
170.17
163.40
159.89
169.77
170.61
173.24
169.24
169.48
161.23
174.00
155.33
164.90
162.57
175.49
165.72
168.14
169.85
171.54
168.61
171.24
158.40
166.10
155.09
169.66
170.03
174.34
163.65
157.15
166.46
159.67
150.49
158.88
181.09
163.43
172.54
170.07
154.77
164.04
169.21
165.12
171.39
169.57
174.25
153.95
159.46
160.51
159.65
171.21
172.71
161.70
168.37
169.55
168.42
162.59
168.57
163.57
163.08
166.71
160.69
163.71
168.40
172.80
154.06
163.46
166.09
162.10
166.86
164.84
187.06
163.79
162.91
178.99
182.77
173.58
170.61
186.08
175.85
176.49
168.05
159.45
166.32
167.66
166.17
164.98
184.08
173.89
172.21
158.72
166.52
161.98
161.66
167.33
175.87
155.47
166.90
153.86
150.93
172.62
179.81
165.03
168.97
173.96
173.53
170.93
166.12
171.37
166.09
177.19
170.59
166.34
170.41
178.88
185.32
168.28
168.45
171.11
172.40
181.49
165.56
167.16
173.49
164.76
164.04
175.58
173.10
176.34
172.85
161.00
170.80
173.20
161.57
184.51
164.98
170.10
168.09
157.37
174.70
171.16
162.07
166.66
155.95
164.53
154.93
161.92
161.88
168.23
162.81
168.07
186.58
160.10
164.35
165.02
169.88
176.67
162.74
163.50
167.08
175.40
168.91
174.69
164.85
172.26
174.82
167.89
172.33
173.71
169.21
157.42
161.92
177.37
171.47
182.27
157.36
170.66
165.86
170.08
171.31
173.16
157.30
175.22
168.20
168.04
170.61
169.14
169.31
162.96
155.96
169.13
170.98
174.89
180.10
156.45
159.86
171.33
174.63
171.22
169.37
169.83
171.75
175.56
165.62
160.29
162.87
170.93
169.53
174.84
174.11
164.85
170.93
163.96
165.88
178.26
159.42
161.14
163.68
162.55
170.46
166.53
178.74
174.38
162.49
161.62
169.09
172.78
163.71
162.68
171.28
164.70
151.11
155.35
154.15
157.93
160.04
166.31
163.35
167.82
174.55
184.35
162.57
154.18
174.66
168.04
165.86
162.84
164.83
168.93
154.35
164.05
165.56
166.66
156.54
172.02
168.43
153.95
156.57
172.21
163.34
166.10
157.75
167.77
156.34
170.00
161.24
171.29
153.67
157.60
173.66
163.41
168.00
168.38
166.90
174.72
165.86
150.81
170.37
156.52
159.76
173.36
174.40
173.68
160.90
168.17
170.96
167.73
159.85
180.40
160.15
170.62
168.34
164.93
171.54
171.98
172.02
169.33
165.49
167.12
164.23
169.32
157.16
166.76
171.65
174.49
168.16
163.99
174.46
176.22
161.90
178.57
153.65
162.28
161.18
163.48
164.08
161.55
172.90
161.36
179.22
159.81
161.60
179.83
170.59
165.44
166.75
163.54
170.29
156.85
160.28
163.64
157.16
159.27
171.23
169.71
163.34
168.44
169.21
165.53
170.50
157.34
170.40
176.59
176.37
175.65
154.62
156.91
170.42
172.60
155.67
160.64
167.93
169.03
164.64
165.82
161.60
146.80
152.58
174.61
163.26
161.79
173.33
166.56
162.64
163.14
158.58
160.48
157.73
181.45
157.74
170.74
155.53
172.38
179.47
167.63
168.97
166.17
166.39
158.55
162.93
154.89
172.28
171.59
175.59
168.02
178.77
160.48
159.66
177.13
155.39
175.27
165.41
174.00
166.11
181.76
157.71
169.41
164.57
179.21
173.85
162.24
166.99
165.45
163.78
158.12
163.92
161.54
166.42
182.05
171.76
170.85
170.03
167.88
158.73
161.38
173.16
152.55
162.40
159.41
167.72
166.65
181.23
175.17
162.66
176.59
173.56
165.21
165.45
169.30
166.31
166.24
162.74
166.19
167.57
193.74
149.74
158.84
169.73
175.77
158.92
173.92
175.36
171.57
168.18
157.03
178.87
177.99
151.94
151.97
163.98
174.83
171.44
161.39
172.87
168.38
178.91
172.59
164.84
169.08
162.81
154.08
158.90
165.57
151.66
166.43
169.95
170.39
175.96
170.29
154.34
176.03
167.28
175.48
169.25
152.90
164.09
166.80
172.43
171.51
174.12
164.49
167.33
170.08
172.53
168.28
150.73
165.46
166.94
171.37
159.90
175.16
175.81
168.15
168.01
163.51
158.98
166.64
163.98
158.89
165.10
167.53
175.95
162.96
169.64
174.23
172.60
167.21
165.93
158.33
177.18
174.03
177.14
151.41
170.98
164.25
173.64
161.09
160.98
180.27
168.97
162.37
164.83
175.33
165.46
159.89
167.49
169.47
172.86
170.15
168.16
164.51
151.40
161.86
154.56
153.64
167.39
164.36
172.37
163.73
163.89
168.91
164.57
158.76
159.59
176.16
155.49
161.16
171.28
171.35
162.01
171.56
164.74
156.39
177.92
162.98
161.71
163.66
171.81
157.64
166.46
159.46
174.52
180.58
176.44
163.38
170.41
168.64
159.44
163.19
161.02
171.67
158.25
165.26
162.41
162.04
164.70
163.15
175.61
159.67
157.75
164.18
184.00
165.50
162.64
179.50
164.48
172.75
174.09
158.05
153.94
164.51
172.93
168.91
161.03
179.00
165.86
165.24
173.06
160.38
156.61
153.62
177.74
167.14
168.42
169.49
168.58
173.42
175.76
168.43
175.49
169.92
174.54
180.51
167.21
180.17
169.87
162.68
164.25
170.11
169.96
176.35
169.91
170.91
163.26
163.56
175.45
176.53
176.13
173.39
160.68
181.41
171.18
160.80
173.47
175.88
167.75
167.40
175.27
164.79
171.35
166.79
165.48
178.15
180.67
165.48
160.52
170.33
169.49
154.96
173.47
161.86
169.38
174.84
171.82
168.79
158.85
164.24
161.96
157.73
169.39
168.66
161.62
161.49
158.46
167.21
165.14
168.61
157.67
174.32
175.54
159.09
171.21
179.13
155.99
167.93
162.51
169.35
168.87
162.55
171.63
173.90
163.05
173.06
169.19
166.94
166.45
162.87
164.73
166.63
161.95
167.85
170.33
154.77
166.75
163.23
164.64
177.74
160.12
155.10
162.25
158.74
164.05
165.77
165.41
176.25
170.69
163.22
169.34
171.92
176.92
163.87
163.73
165.19
184.02
166.62
172.29
170.81
164.52
169.17
169.14
180.28
176.27
163.70
173.64
161.63
164.13
171.82
164.32
174.64
171.07
179.17
165.36
166.52
169.08
184.48
166.43
163.18
166.73
165.81
165.83
162.11
170.92
178.15
162.33
158.08
169.59
173.35
176.26
170.05
160.25
168.73
156.95
171.42
163.27
168.86
169.42
162.10
156.68
162.15
168.95
164.90
168.01
167.09
166.55
172.82
163.81
174.98
166.67
171.28
173.77
162.44
171.41
170.31
170.02
169.56
158.89
165.75
165.54
159.63
179.81
155.69
161.53
162.35
152.55
166.77
166.57
160.02
154.74
167.58
168.70
164.75
168.65
171.73
174.27
178.21
156.99
161.36
158.57
170.05
179.51
182.02
161.28
169.45
174.32
178.19
155.64
174.04
172.67
165.18
162.02
156.13
166.76
160.64
163.76
169.22
168.08
166.51
175.65
175.41
170.06
171.99
168.12
167.26
171.20
165.40
169.64
169.62
174.07
163.65
167.91
159.00
160.88
155.16
164.87
162.43
164.36
172.53
158.37
162.28
168.89
174.27
176.44
178.05
168.89
174.78
166.99
162.37
165.98
169.36
161.95
175.44
171.77
167.85
175.61
175.09
167.38
164.09
183.42
169.34
171.85
182.21
165.15
170.24
188.55
165.78
168.04
174.26
163.86
158.57
173.51
178.88
174.41
163.63
175.15
181.37
165.12
163.91
172.74
157.15
179.29
177.99
159.68
160.16
165.60
161.11
170.15
164.86
171.80
156.24
168.97
156.82
163.17
167.78
163.07
169.33
168.84
164.89
178.50
165.96
166.20
172.92
171.12
166.11
167.81
167.28
166.29
168.86
172.51
168.41
161.25
172.59
168.28
166.43
166.76
171.85
150.16
170.24
180.35
161.84
167.51
150.00
170.46
165.73
169.74
166.13
177.62
173.23
172.68
163.49
149.06
175.99
168.60
178.53
156.96
157.93
156.88
157.48
158.83
170.36
166.65
181.99
172.16
172.31
168.16
167.97
169.09
163.85
154.88
167.10
170.78
158.48
165.24
157.89
164.62
176.51
164.56
179.61
171.01
167.62
156.95
160.03
172.82
162.37
163.21
164.74
172.34
169.66
159.23
160.78
167.25
165.17
182.98
170.57
165.70
174.93
154.03
162.49
167.95
164.81
168.98
164.00
155.23
170.94
180.93
164.91
169.96
168.79
161.07
163.17
169.05
172.25
167.70
158.21
176.49
170.43
158.29
169.68
161.16
168.13
167.04
160.48
156.24
170.85
158.90
158.83
169.53
176.76
166.25
162.28
167.51
167.89
164.12
180.48
165.39
170.95
162.57
165.17
154.81
167.25
170.66
164.88
171.46
156.41
157.99
175.75
165.75
154.73
162.22
163.03
178.11
160.40
170.65
162.11
180.00
168.65
166.00
161.50
168.83
171.28
165.65
173.09
167.65
167.40
161.55
163.14
181.73
167.74
172.02
156.98
166.05
161.87
185.30
166.48
172.75
156.98
181.72
164.68
165.51
159.08
168.26
175.13
166.91
177.25
158.12
165.43
170.31
170.58
166.50
155.51
168.15
157.73
165.13
169.84
160.55
164.30
166.04
167.33
158.20
156.85
157.68
166.06
156.47
169.64
158.80
167.98
159.87
173.30
161.18
163.43
160.57
166.30
168.15
176.79
161.35
180.31
167.03
158.63
167.66
177.98
160.15
167.44
164.33
157.14
162.67
171.74
159.22
162.01
162.42
169.19
151.18
162.34
162.56
163.37
155.65
182.13
160.48
169.07
172.24
164.41
163.06
165.40
176.65
159.89
163.20
163.62
180.91
170.20
156.88
181.92
163.88
165.63
162.10
154.60
156.42
176.61
157.40
176.60
148.43
167.25
170.92
162.08
158.22
163.61
160.64
176.60
163.69
157.59
167.04
169.19
174.33
172.18
159.52
164.99
162.12
156.37
161.08
167.75
164.27
169.76
158.65
177.14
168.39
171.78
172.56
164.04
171.81
153.75
154.89
168.82
158.16
172.44
174.89
175.00
148.47
155.27
179.71
166.94
175.43
159.31
168.21
159.57
167.85
160.94
162.40
159.53
175.30
170.82
173.55
162.26
174.19
162.12
185.15
165.22
167.04
162.45
165.51
166.33
167.67
174.31
168.72
179.78
181.14
166.89
160.39
156.51
157.53
157.73
168.46
172.48
169.35
170.70
170.51
155.50
183.04
176.99
157.41
160.10
175.38
179.98
171.14
166.92
153.86
165.62
164.67
175.46
163.95
160.68
167.81
174.68
168.22
171.11
157.70
150.59
171.98
169.56
148.39
176.79
165.52
164.47
162.07
171.19
179.59
169.66
165.60
160.43
172.62
153.00
173.15
164.01
163.07
179.57
164.38
164.20
169.46
169.01
175.11
161.42
174.50
175.85
165.59
176.08
177.71
166.37
166.46
153.35
160.57
166.30
170.28
164.28
161.82
176.43
170.81
166.19
162.52
166.08
166.07
171.08
152.00
161.08
174.92
161.05
171.11
171.47
167.41
164.65
159.44
164.02
162.69
155.35
165.69
164.83
162.00
160.87
177.14
164.63
170.32
173.73
179.36
176.83
174.34
178.30
166.17
178.97
174.57
168.13
157.22
172.19
167.59
171.73
169.88
179.85
168.25
160.03
160.55
158.08
168.89
155.28
173.72
167.27
157.69
158.47
165.33
174.89
167.61
152.69
167.58
176.70
164.80
153.83
165.59
161.13
158.62
162.07
174.68
156.83
175.24
167.87
162.81
159.28
171.71
175.62
162.86
174.42
153.06
165.55
163.08
172.34
162.23
175.83
163.19
176.52
173.60
168.47
167.34
164.68
161.26
168.92
161.98
173.50
180.14
157.82
156.55
180.42
176.96
171.71
168.71
171.19
176.58
168.09
154.15
172.34
171.50
163.58
162.15
165.07
168.55
167.18
163.99
163.31
176.82
166.81
167.70
170.42
164.16
167.31
170.20
148.43
174.17
163.41
178.34
166.00
176.54
173.17
168.52
151.58
166.90
155.51
173.35
167.34
163.22
168.81
153.39
163.61
162.64
158.69
168.18
164.82
177.21
160.76
172.09
170.45
166.32
175.42
166.91
168.45
178.23
173.28
166.47
183.04
167.29
159.11
176.76
173.88
172.32
167.57
156.22
154.75
162.81
171.39
168.44
159.56
175.28
171.09
165.93
170.44
162.06
172.53
163.65
176.04
178.85
161.20
172.34
175.17
164.04
159.21
178.79
165.55
168.54
154.20
172.61
165.12
157.01
159.59
161.38
168.94
176.45
168.02
172.59
164.10
169.24
176.95
162.15
168.80
174.65
167.11
164.85
167.12
172.49
159.87
165.91
157.62
161.97
168.30
168.34
163.23
151.70
159.95
160.07
167.37
178.83
168.09
165.76
162.98
165.74
167.24
167.26
167.70
163.95
161.06
174.12
178.89
167.04
163.47
154.89
168.11
162.04
163.98
173.82
174.86
173.24
165.46
187.94
177.49
159.60
172.27
177.29
165.37
167.33
166.33
155.80
180.42
173.82
184.58
160.06
176.40
178.98
159.92
167.72
172.31
165.52
160.59
178.57
173.97
173.77
173.50
170.31
163.08
180.09
149.74
170.14
157.25
166.98
159.11
167.57
156.52
164.96
178.03
163.73
163.98
163.25
171.86
159.55
155.50
172.17
164.27
150.42
173.21
170.36
157.07
189.02
155.31
162.64
165.78
160.48
169.48
160.91
163.17
165.47
162.73
166.94
152.53
161.65
173.21
166.74
182.34
154.80
178.26
178.66
172.78
167.36
157.04
165.07
154.43
166.54
163.34
163.29
174.84
171.78
161.92
168.83
175.86
169.34
174.78
164.16
168.49
160.26
169.22
180.44
162.39
158.92
176.83
157.48
171.01
170.27
166.52
154.48
171.59
166.95
168.28
157.40
168.79
152.34
171.45
168.64
159.21
151.23
167.73
164.47
164.61
171.56
164.97
179.41
170.70
164.80
158.33
170.81
175.12
170.43
168.85
165.82
167.75
172.58
171.05
160.66
164.75
160.75
168.93
174.40
170.00
174.42
179.98
161.93
161.98
169.42
167.14
157.68
178.23
187.62
165.89
171.67
161.46
158.85
163.21
164.26
163.68
163.03
169.71
159.89
168.97
151.93
161.98
157.14
164.45
174.28
185.27
163.15
162.69
164.76
169.01
158.13
154.35
163.00
179.78
177.63
159.66
159.84
169.09
177.65
171.70
170.84
172.76
172.97
160.53
172.88
171.35
177.94
160.87
171.44
166.03
173.32
179.61
171.12
151.96
174.86
160.50
166.49
174.54
171.76
162.27
163.21
147.43
161.74
168.65
156.58
166.26
175.45
176.70
176.71
162.41
163.25
150.81
168.09
159.76
161.43
164.39
169.32
170.17
170.21
166.15
165.97
175.10
167.67
180.66
176.28
161.27
166.02
145.48
158.46
159.07
158.95
156.04
168.72
171.65
165.84
173.32
175.26
157.07
173.05
172.29
166.37
167.55
170.35
168.64
168.92
154.15
166.48
170.48
162.50
165.97
164.37
171.41
157.20
160.74
178.73
164.23
169.80
162.05
161.69
169.68
171.19
187.29
160.42
163.12
170.86
169.84
178.49
177.33
166.29
174.06
185.20
160.77
172.27
161.32
179.72
174.12
166.73
162.95
171.52
162.01
165.03
179.68
176.14
162.78
164.65
155.54
182.64
162.25
171.24
163.12
170.13
169.45
165.98
179.75
162.75
178.97
172.02
172.90
164.18
176.62
170.46
163.16
166.37
158.39
161.35
164.48
166.10
152.23
160.52
166.61
165.11
184.19
158.78
170.72
157.85
168.60
168.46
175.15
166.65
176.86
176.08
157.01
169.89
147.96
168.08
158.39
160.03
168.96
169.21
164.95
159.79
166.29
170.83
163.77
172.01
167.01
179.23
172.17
168.49
162.72
169.98
166.92
181.20
170.35
179.02
178.73
169.70
174.10
171.15
164.09
164.81
173.18
171.54
168.90
171.72
181.97
165.45
175.65
168.15
153.55
158.06
158.57
154.14
172.15
162.51
156.67
165.18
177.31
172.11
176.98
174.02
165.00
164.25
159.59
161.84
164.24
165.12
161.36
157.31
168.35
163.01
178.87
161.98
176.16
152.27
166.95
168.85
174.50
164.32
165.06
178.76
169.30
167.74
158.03
174.21
165.56
164.30
167.32
173.62
169.78
166.45
169.57
176.54
172.32
166.67
161.72
173.46
170.59
170.65
163.34
176.75
169.67
165.85
163.22
162.91
169.11
172.12
163.13
164.86
172.05
167.96
171.11
170.39
169.48
162.95
170.38
166.93
165.46
156.36
172.38
159.26
161.75
161.75
151.68
171.46
171.51
178.99
171.27
155.50
161.11
165.35
170.60
165.07
164.73
161.45
163.00
158.52
179.27
158.31
171.36
177.03
165.90
163.80
169.77
174.31
164.40
157.94
169.18
167.00
179.55
164.29
169.29
160.85
160.31
177.10
169.77
165.89
154.46
170.30
161.69
163.46
166.39
170.47
154.01
159.54
168.28
167.76
169.70
159.29
161.87
179.03
169.14
183.06
166.32
168.06
164.27
173.95
176.62
165.08
176.13
172.24
165.56
155.63
162.63
157.16
148.34
167.78
172.53
159.69
181.81
161.36
164.34
177.47
173.18
166.35
169.56
166.38
176.16
166.15
175.42
169.46
147.51
173.42
167.59
166.51
153.59
171.91
165.05
170.77
158.64
158.66
179.42
167.59
165.94
157.80
165.48
168.82
156.06
159.91
178.59
170.25
166.14
161.94
173.46
161.90
170.82
149.60
169.62
168.81
162.86
176.20
155.91
167.25
173.44
158.31
167.66
159.21
163.79
165.91
158.34
163.95
167.98
174.91
173.61
172.43
166.74
166.47
171.71
169.65
173.82
169.23
167.11
160.95
169.68
171.16
156.20
167.00
164.81
155.72
159.09
173.31
148.24
154.47
150.98
178.53
171.36
169.19
171.35
161.96
158.61
161.94
170.72
168.99
152.31
173.20
159.13
160.07
161.22
175.94
160.97
176.28
156.40
166.24
167.36
168.05
165.94
176.95
169.49
169.23
168.37
169.32
170.01
167.72
162.98
169.81
171.35
165.82
173.01
175.46
177.85
168.58
170.01
170.82
168.30
168.09
176.36
164.69
172.43
161.81
170.77
181.78
162.79
159.96
165.28
170.58
172.36
167.30
166.81
172.27
172.90
162.23
165.22
180.01
171.11
168.39
161.49
165.27
169.83
167.34
157.77
173.41
167.59
172.39
155.62
151.17
168.66
180.67
170.46
165.92
174.58
163.24
177.91
164.03
173.96
159.20
161.03
170.83
161.46
165.00
165.32
159.43
169.24
167.46
176.57
177.26
166.79
174.57
171.68
182.42
171.57
161.66
169.57
169.03
166.15
177.28
173.05
175.05
172.38
165.44
171.29
163.84
169.07
168.07
172.81
165.19
166.43
168.68
162.84
163.36
169.47
158.00
176.77
162.03
163.21
173.43
165.43
178.48
160.68
166.62
161.28
165.36
171.49
158.79
159.10
180.63
169.92
173.27
175.01
161.23
161.93
155.39
164.37
171.53
158.16
169.20
153.53
169.64
168.88
160.22
173.98
171.18
172.18
169.55
178.64
171.18
164.31
175.76
176.48
158.32
172.33
167.27
168.08
166.85
171.23
172.76
160.30
175.22
164.25
179.38
158.10
181.25
177.14
171.67
167.12
159.61
161.24
182.05
157.47
155.10
166.25
167.25
169.80
187.49
168.97
155.22
165.38
155.33
169.79
174.59
162.89
176.39
152.01
173.22
173.68
156.89
166.57
165.09
163.25
185.36
171.47
163.29
166.75
156.50
159.70
163.11
166.14
179.29
161.88
178.10
168.91
160.02
165.37
172.75
152.75
161.80
162.95
177.04
162.43
185.69
162.32
173.75
169.22
172.33
161.87
173.41
169.59
149.65
172.16
163.24
177.90
162.91
174.31
181.08
162.97
164.85
161.88
169.08
165.85
173.93
177.74
177.44
173.97
162.96
180.90
169.59
152.30
166.71
173.44
157.45
164.97
162.44
173.43
172.50
156.42
158.65
166.39
175.09
160.35
157.85
169.53
171.68
168.72
165.53
168.85
165.51
172.41
166.13
159.50
155.13
169.67
166.20
153.59
162.65
179.23
170.51
161.13
159.41
173.75
163.68
166.45
156.69
166.88
153.43
161.24
177.11
166.62
178.47
168.38
159.85
172.24
164.41
169.30
175.09
166.71
164.40
150.75
166.07
169.41
172.31
174.67
171.04
167.87
173.12
163.06
158.66
162.72
170.75
165.02
171.85
181.31
175.10
163.65
174.85
154.53
167.82
167.69
169.59
157.94
160.91
172.28
173.98
179.96
172.23
153.84
166.09
169.23
163.15
161.94
164.76
173.85
161.79
151.86
161.92
173.81
161.01
163.49
163.01
184.44
158.86
171.69
174.22
169.14
162.51
169.04
167.21
164.23
159.38
177.43
158.07
166.71
179.56
163.52
169.49
172.24
163.87
178.14
168.08
166.50
169.35
172.74
171.88
153.23
154.46
169.52
167.15
167.08
179.54
162.98
173.57
172.87
177.08
164.28
174.26
173.07
161.45
165.15
177.89
144.25
174.26
166.15
170.19
168.96
174.05
174.08
163.07
171.70
168.43
155.34
157.53
176.14
164.92
166.70
152.86
170.07
177.55
165.10
156.20
170.41
165.30
158.33
176.15
166.00
159.43
167.47
159.30
165.14
150.96
167.11
159.00
174.52
171.90
166.98
159.79
167.59
164.39
159.32
160.15
174.44
161.45
166.28
161.46
168.48
159.79
146.87
160.13
159.98
161.91
163.76
168.17
168.92
161.12
168.27
166.39
179.07
160.83
173.45
162.50
147.82
161.75
168.20
172.75
168.29
170.95
156.04
168.79
169.37
170.01
174.10
167.34
166.74
163.48
169.04
156.15
169.09
174.61
174.63
159.95
164.68
171.46
173.78
180.87
163.66
150.51
173.67
169.65
179.46
157.88
158.60
166.31
174.23
163.92
173.58
164.80
164.97
162.91
149.30
158.13
169.53
169.65
170.19
171.66
167.19
164.89
170.60
171.71
167.17
164.87
167.42
164.74
169.95
162.39
183.12
167.13
171.15
163.61
169.64
162.76
160.57
179.47
181.98
176.95
169.77
176.65
167.23
158.97
154.86
165.54
165.82
163.66
161.97
175.65
162.27
164.05
163.24
158.35
169.49
166.31
179.81
158.52
170.00
179.61
164.59
154.05
175.55
168.15
155.43
167.03
167.44
160.11
159.93
155.20
167.95
161.76
151.11
183.62
163.62
165.11
169.05
170.50
173.33
168.25
168.77
160.61
154.94
164.74
169.96
162.98
174.81
172.14
180.60
165.22
161.70
166.24
180.86
170.09
168.12
169.41
168.35
158.13
158.03
170.30
159.28
163.37
179.54
158.34
169.81
163.68
157.59
168.65
141.15
160.86
161.71
156.86
163.25
179.38
170.08
174.35
158.41
171.81
169.21
158.76
167.81
163.22
160.60
167.94
172.37
170.72
160.61
172.46
165.85
167.82
162.80
168.97
155.64
172.69
158.24
169.54
175.18
162.77
161.53
165.22
170.19
156.73
159.72
151.29
161.69
164.99
164.85
165.22
159.77
175.87
176.19
167.80
162.66
172.68
159.35
165.68
162.49
169.76
178.87
174.49
165.49
162.21
156.18
166.39
172.39
168.72
161.96
158.92
162.45
161.41
177.03
172.64
153.64
168.17
167.75
160.66
165.67
158.88
163.72
159.93
158.20
168.74
160.01
154.67
174.50
163.75
168.10
178.86
159.57
167.76
169.53
176.71
163.53
160.16
161.25
173.80
165.83
160.11
157.82
165.18
169.82
164.23
168.85
169.75
174.87
158.17
166.83
170.90
174.49
160.90
168.65
168.02
164.65
163.15
173.25
170.84
165.01
172.50
172.56
170.76
166.35
171.69
159.83
160.24
169.06
154.06
159.18
170.88
157.52
161.96
160.80
167.60
168.02
173.19
161.88
163.40
174.04
171.03
157.93
163.45
166.69
163.29
172.97
168.97
156.50
159.17
163.61
163.25
162.88
164.61
171.04
169.34
165.17
166.08
166.52
174.52
154.84
171.56
175.63
164.74
152.10
166.89
174.35
179.18
153.75
170.11
180.23
176.88
165.24
161.93
160.95
161.19
153.82
159.50
168.79
185.14
165.45
164.31
174.00
178.19
164.62
179.25
168.21
166.46
168.86
162.83
172.41
158.00
161.73
160.00
164.96
167.35
159.95
176.73
163.77
162.65
161.66
167.87
155.03
194.42
168.25
175.21
164.95
175.46
175.40
161.52
164.27
164.27
162.99
169.07
175.92
168.31
164.10
172.71
157.93
171.70
164.35
158.17
172.63
166.23
169.19
168.01
174.02
171.84
161.63
157.76
170.03
159.28
179.22
171.91
169.43
173.47
160.94
161.54
184.43
159.39
178.01
167.22
167.84
169.42
167.20
181.23
169.96
166.37
156.60
161.15
167.25
171.97
163.70
162.72
162.70
163.53
169.96
162.79
166.82
161.97
175.54
172.16
178.85
162.95
155.09
158.30
166.29
164.60
162.05
160.25
164.08
166.97
160.61
169.37
164.87
169.87
171.75
159.25
159.81
173.12
163.57
180.28
161.72
162.59
161.80
171.13
161.48
156.00
171.12
168.03
167.96
177.81
168.23
165.33
158.82
157.77
173.90
160.59
179.56
170.54
165.63
169.13
172.57
159.77
163.93
169.63
175.76
158.55
160.77
157.09
178.95
159.58
165.25
166.50
171.57
165.87
167.76
158.72
162.31
159.79
175.47
167.55
168.62
173.18
163.71
165.58
167.09
162.78
180.33
160.15
172.45
160.78
176.25
157.30
172.35
169.67
161.44
175.40
171.57
171.87
156.11
173.43
170.59
164.21
173.83
155.15
162.53
165.69
172.84
178.07
170.56
155.12
184.84
164.87
170.04
161.64
179.82
175.14
169.03
153.41
159.19
165.68
177.47
164.91
161.00
176.47
174.28
185.29
180.78
181.84
166.54
161.55
158.92
154.99
169.39
167.47
169.83
167.96
172.28
173.51
157.29
177.38
176.66
164.41
166.04
168.66
172.40
164.76
162.68
168.26
166.07
169.47
174.81
169.88
167.10
161.47
167.77
165.99
170.00
168.01
159.32
168.11
155.73
172.25
167.40
168.00
166.07
177.75
168.93
175.64
160.98
170.71
169.71
169.21
164.80
160.63
168.10
163.87
168.92
164.76
157.26
164.98
173.22
174.14
165.65
162.70
165.31
150.28
173.16
166.94
161.42
166.44
163.44
167.08
165.46
166.69
176.13
171.29
156.79
165.86
168.36
172.80
171.94
169.98
179.25
165.82
161.78
165.21
167.10
163.27
168.36
158.24
161.47
153.53
168.61
161.05
193.21
165.10
182.58
177.22
177.68
165.89
171.57
177.60
176.12
172.44
174.10
182.45
166.05
160.98
180.04
167.24
181.78
158.84
159.27
177.14
169.27
172.52
155.25
164.27
153.61
166.03
177.12
172.07
154.92
165.66
175.76
171.90
172.95
174.88
160.43
164.01
174.09
157.08
173.04
179.88
173.92
154.66
173.57
157.07
173.75
165.98
163.14
154.09
168.21
176.63
172.78
165.46
167.92
176.97
165.40
160.63
174.77
171.45
160.16
157.82
167.31
164.95
158.92
172.26
166.31
175.36
163.22
157.86
170.25
175.27
167.24
154.30
176.97
180.53
168.82
165.41
169.34
171.97
171.35
160.39
159.87
162.40
170.52
175.86
168.30
155.17
174.45
163.89
156.20
170.58
154.35
164.72
160.41
169.71
174.22
167.44
167.42
167.91
180.35
170.82
171.44
171.26
159.07
167.11
168.57
171.44
159.76
158.13
164.65
172.81
168.99
161.23
170.34
187.93
182.67
169.45
157.21
175.77
163.91
169.19
162.06
170.76
153.79
166.83
183.52
168.49
166.50
180.24
173.54
163.79
170.95
157.76
173.15
171.16
152.97
169.13
173.94
164.71
160.38
187.10
182.36
174.16
167.75
171.18
166.44
164.24
162.33
174.49
172.76
162.51
167.26
161.96
163.08
164.34
177.47
168.37
161.99
165.30
170.59
164.97
166.89
162.09
159.20
166.29
160.94
163.35
167.53
152.71
157.05
167.33
168.55
164.66
160.24
172.21
154.85
165.46
169.24
165.18
168.25
153.97
177.31
153.06
159.36
174.44
166.06
176.04
164.29
160.63
168.50
170.32
168.32
165.14
162.18
167.51
167.66
164.09
171.97
169.01
157.28
170.45
173.86
168.98
168.60
157.06
174.29
154.37
163.96
181.06
164.15
171.73
166.40
151.89
166.90
167.21
159.43
172.64
171.28
152.39
172.20
181.19
168.34
176.47
162.93
174.21
166.05
170.14
165.03
181.08
166.77
158.55
156.21
170.15
164.51
178.71
164.21
172.49
164.79
179.18
168.97
165.84
180.00
168.09
167.85
168.64
170.43
167.26
150.17
160.54
169.11
168.61
150.58
155.09
173.00
172.59
164.84
163.21
167.80
173.22
177.19
165.48
173.10
163.25
176.22
175.54
164.31
168.76
162.36
157.86
165.51
177.27
168.04
165.18
161.91
171.92
174.49
167.25
169.35
156.54
161.53
158.14
181.37
162.54
152.12
163.08
165.00
165.54
180.16
169.76
164.51
171.25
178.68
158.32
167.07
176.63
169.35
172.87
157.73
168.24
169.42
177.00
166.54
162.80
160.96
163.92
157.96
170.68
162.46
168.60
168.78
158.30
163.32
172.21
159.19
171.50
164.51
157.51
173.84
167.74
154.78
164.32
155.63
170.37
163.81
165.55
175.55
158.75
159.46
166.70
174.57
162.31
151.69
161.37
162.22
163.36
156.28
162.53
172.12
176.40
167.46
163.91
165.53
165.40
165.44
157.13
167.09
176.68
154.01
158.37
154.38
158.49
162.62
162.56
163.91
169.13
161.18
157.32
174.86
167.52
170.13
171.03
168.99
172.17
163.63
159.29
167.29
176.83
156.78
160.39
167.68
166.60
160.60
174.82
173.24
155.37
164.98
165.64
173.19
179.12
171.28
160.15
154.35
167.53
167.54
163.82
156.21
171.60
172.01
190.35
166.02
170.03
159.12
166.03
168.17
169.73
172.21
160.76
160.51
168.54
161.50
172.84
180.82
169.19
172.28
164.57
168.72
151.48
160.57
167.71
156.39
174.39
166.21
175.69
162.53
172.94
176.88
168.04
169.51
174.96
162.24
163.66
169.16
165.60
181.09
175.16
153.49
175.72
158.59
155.02
173.06
160.92
171.26
156.65
166.24
180.96
154.76
168.19
171.12
153.33
168.82
169.98
170.16
168.43
167.55
163.21
185.50
163.72
168.86
174.10
168.28
168.51
173.61
174.55
158.35
159.13
171.39
171.93
156.11
159.00
170.16
166.96
167.72
171.61
165.11
183.03
160.68
169.23
170.86
180.17
165.90
160.65
158.86
163.04
167.33
163.75
169.19
171.35
170.04
158.22
167.31
166.07
171.95
162.97
163.34
163.78
169.58
171.79
155.53
158.09
170.41
156.15
160.85
169.74
164.07
162.76
150.62
158.55
163.50
163.35
160.12
165.70
165.25
163.77
173.38
155.87
159.66
164.48
164.00
176.44
163.02
167.77
159.86
166.15
173.25
178.12
157.29
173.83
159.40
170.66
171.31
184.65
171.48
171.57
168.86
169.12
169.94
176.28
164.89
152.73
148.78
159.38
167.81
164.89
163.12
169.45
162.20
174.51
169.01
168.63
175.06
168.33
161.04
159.17
165.04
176.46
163.50
169.07
160.37
173.14
164.81
154.55
180.69
164.64
148.19
163.03
164.69
150.34
171.53
173.24
169.34
163.10
174.37
156.42
162.02
169.17
163.61
171.01
178.68
157.57
167.75
159.84
176.14
174.70
176.05
157.50
162.77
171.15
165.31
164.30
161.19
152.12
182.31
168.12
168.75
167.43
169.66
175.35
168.71
159.66
158.39
181.00
165.34
161.74
176.22
161.62
158.80
167.27
159.49
168.55
165.55
180.82
149.19
174.21
172.12
172.51
174.90
163.26
154.86
168.92
165.01
181.48
173.77
171.76
171.55
170.39
167.16
175.80
174.91
161.76
157.35
151.39
150.60
181.05
167.44
152.99
163.85
175.49
169.04
165.46
160.72
174.07
178.63
164.42
166.20
160.08
171.10
173.82
170.09
161.20
167.77
158.27
178.46
168.46
169.42
165.00
173.64
172.26
159.07
162.11
173.43
165.98
169.05
165.11
178.68
172.94
166.96
170.66
170.39
169.95
161.62
158.54
163.54
174.02
166.49
168.79
161.35
170.19
169.20
174.64
176.01
167.12
170.27
175.75
170.25
178.11
174.38
166.98
164.35
154.77
159.78
159.69
166.81
159.02
165.83
165.24
162.20
171.71
165.15
164.49
181.78
165.36
161.70
161.10
192.32
169.72
166.38
148.76
165.83
184.73
176.50
173.83
165.12
155.69
173.94
166.55
152.58
162.08
157.17
161.11
163.37
159.98
161.19
176.14
165.46
174.52
168.87
179.46
179.65
165.36
152.00
167.14
165.01
172.20
171.65
159.22
160.87
160.73
170.05
179.41
168.99
164.09
163.68
161.61
165.32
163.67
175.11
159.84
160.22
160.97
173.83
161.59
172.67
173.10
174.50
174.26
170.56
159.76
153.48
162.04
171.37
173.68
169.84
177.15
174.19
171.23
176.08
167.96
164.13
178.70
178.57
164.90
143.29
168.76
163.67
173.01
168.61
173.86
167.47
164.37
163.88
165.12
174.10
160.47
181.01
184.22
161.03
156.07
182.43
167.01
181.30
168.59
171.36
164.14
182.74
169.92
163.89
160.87
166.23
185.95
183.38
169.76
159.36
181.09
167.13
165.92
159.04
175.60
162.14
171.29
169.20
172.75
182.07
165.37
181.12
168.65
168.22
169.26
176.25
171.10
162.87
164.44
174.71
178.45
156.25
163.29
165.04
173.19
163.04
159.42
165.63
160.02
154.59
169.33
170.53
183.26
164.92
163.84
173.64
157.94
179.55
173.35
157.06
162.30
158.18
158.22
160.76
169.43
158.11
163.63
169.97
176.20
170.25
161.92
161.51
176.94
170.46
159.69
175.38
159.89
168.23
177.64
180.57
162.48
175.16
172.43
180.97
167.78
168.75
178.52
160.53
160.15
156.24
159.58
163.30
170.05
151.07
179.84
156.96
166.62
170.33
160.02
162.86
163.75
175.94
169.44
162.77
169.16
171.94
168.12
173.59
171.04
178.25
180.93
158.37
168.69
156.52
153.43
166.87
173.65
162.38
168.75
173.58
154.04
171.21
176.12
175.53
155.56
168.45
167.28
159.83
168.70
157.28
161.35
167.65
160.68
165.11
170.24
162.07
167.86
171.73
170.26
165.87
165.62
171.55
155.71
163.72
169.72
169.72
162.74
161.32
172.01
154.63
161.04
162.28
172.05
159.75
166.00
163.75
169.05
175.44
164.87
163.29
178.27
171.57
163.63
171.16
168.81
169.08
161.14
162.37
158.72
163.57
164.91
171.92
166.78
164.61
167.71
171.57
167.89
156.59
162.42
167.09
182.38
169.23
159.57
160.69
168.35
160.76
161.02
164.16
169.26
158.08
180.89
173.99
168.28
168.66
172.94
174.55
154.72
163.54
163.18
172.72
155.65
162.04
170.61
163.96
175.94
164.34
171.32
164.15
165.88
178.73
174.44
186.34
159.72
182.33
175.12
152.69
169.49
160.33
163.98
158.68
174.05
157.49
158.84
172.52
166.27
167.03
164.78
171.10
159.03
171.73
159.33
170.98
155.24
176.26
156.21
174.46
168.35
170.12
178.70
168.37
177.91
153.57
175.52
173.85
163.22
169.30
176.70
159.19
165.67
158.45
169.10
163.84
172.84
168.62
174.99
170.27
164.51
159.28
149.94
159.79
164.27
175.05
178.44
161.86
182.12
167.82
178.74
171.20
166.23
160.15
175.77
160.58
176.98
168.41
174.58
173.34
159.65
169.85
169.78
171.97
164.99
181.51
168.02
168.31
167.24
173.76
144.60
174.16
166.08
161.04
158.34
151.66
163.00
169.31
144.50
156.10
170.77
179.00
167.80
185.88
164.76
165.99
175.58
178.87
151.43
165.89
158.00
168.67
164.01
158.89
165.62
152.43
167.26
163.68
169.66
182.42
181.33
163.21
167.77
179.64
173.71
168.72
163.97
165.14
164.15
168.60
172.84
167.68
168.47
162.09
164.07
160.52
152.02
176.65
173.27
163.31
169.60
163.28
153.90
172.84
172.48
168.58
169.95
161.99
164.55
174.36
161.61
153.40
174.82
155.91
171.37
175.05
163.72
164.07
158.24
146.49
169.47
174.02
170.02
164.89
165.41
175.64
162.67
170.39
155.82
165.70
171.16
176.92
171.51
154.32
167.21
169.38
153.92
192.05
159.33
167.57
165.91
175.79
167.55
184.21
179.68
178.52
164.98
162.98
177.22
164.27
160.25
162.56
173.39
156.68
153.37
172.62
179.73
166.01
171.66
163.47
169.02
172.81
174.38
176.18
184.36
163.36
161.19
170.44
167.19
166.03
168.87
171.76
174.51
170.16
166.94
167.59
177.33
161.48
157.77
161.28
180.88
162.56
180.72
166.88
172.88
159.03
163.29
171.07
174.90
164.53
173.92
170.04
168.83
163.08
164.21
156.61
164.48
168.49
156.18
163.22
160.06
155.78
159.54
151.84
170.21
168.32
158.37
165.83
171.56
158.24
165.95
168.13
156.38
172.63
158.41
166.12
162.64
158.79
170.05
159.12
174.20
168.73
175.85
167.82
161.82
164.55
167.47
166.42
168.65
162.45
148.69
166.92
166.49
176.68
180.05
161.90
160.31
181.37
175.70
171.01
171.41
179.50
167.27
157.31
172.49
175.90
154.89
151.85
170.52
162.50
162.99
177.02
148.00
147.00
167.86
164.45
158.32
164.02
164.86
165.00
164.34
171.18
168.74
167.40
168.64
162.82
169.15
174.97
171.20
157.62
168.81
172.10
170.58
174.48
154.61
172.90
158.25
185.98
160.51
167.93
157.86
168.62
170.08
173.21
159.16
158.13
168.68
159.96
177.22
155.32
166.66
162.97
166.62
168.59
169.09
171.60
178.90
167.87
175.23
158.58
154.27
160.18
169.57
176.43
164.47
172.60
170.86
170.68
154.79
173.13
160.94
156.14
165.07
160.83
166.69
174.01
176.44
165.96
172.57
170.30
176.54
155.67
158.44
171.85
178.79
171.10
172.71
171.21
163.35
172.41
174.38
168.12
167.70
163.54
164.96
169.63
155.12
169.28
167.56
152.09
166.62
169.83
163.84
165.45
174.43
171.77
170.07
169.78
171.90
166.83
179.96
166.52
160.52
172.01
167.22
172.71
170.64
162.01
171.29
168.42
177.25
172.54
164.22
166.78
172.86
178.16
168.21
164.84
175.06
170.48
157.56
157.86
168.49
157.28
158.82
163.23
172.49
165.82
155.69
167.99
172.39
172.88
176.50
157.49
181.73
171.95
181.77
169.41
171.52
161.42
175.39
166.02
173.49
166.77
171.24
168.05
174.96
160.06
169.89
160.44
162.24
169.33
159.99
161.90
160.51
167.18
168.51
156.34
150.95
168.78
154.29
169.41
176.12
163.70
150.76
168.48
166.99
160.74
158.52
166.67
153.34
157.68
174.68
160.27
158.02
171.49
169.70
167.87
157.07
168.07
172.59
156.91
176.23
158.65
180.63
157.28
164.68
165.08
171.30
164.68
164.17
171.48
173.08
167.32
183.58
164.97
167.10
161.15
174.47
169.51
167.50
168.88
183.98
167.32
163.95
172.34
164.49
163.38
184.36
163.92
155.75
163.43
159.78
175.19
178.47
175.43
167.60
179.17
169.72
162.43
170.78
163.43
164.52
155.69
167.02
177.04
166.11
155.05
159.84
161.16
170.80
164.10
172.79
171.84
171.98
160.26
165.50
167.40
168.29
167.83
159.33
169.90
164.53
155.53
156.95
183.66
164.92
164.89
178.57
163.03
184.59
169.09
162.70
168.93
166.17
173.13
177.61
166.92
169.52
165.11
153.37
165.61
156.52
151.07
164.10
174.39
168.27
173.20
146.66
167.30
160.13
161.14
159.14
168.32
163.84
170.42
182.53
171.81
165.84
164.59
171.07
165.62
177.30
181.01
161.22
164.39
164.35
158.34
165.68
156.30
162.58
161.27
164.66
160.05
170.99
168.85
165.62
167.70
164.33
168.33
170.99
175.41
180.81
153.20
163.45
166.26
165.58
167.83
165.67
168.57
162.76
182.46
159.84
163.95
173.99
162.25
169.03
167.42
160.12
180.42
156.72
170.46
171.57
158.73
164.34
175.73
159.54
166.94
168.47
170.52
170.06
161.80
167.97
170.87
180.03
177.74
172.12
162.48
170.75
152.52
174.07
175.81
175.66
178.04
172.54
157.03
184.66
179.95
173.59
167.71
169.43
163.03
164.22
156.35
163.14
152.95
160.05
160.44
174.12
169.98
175.20
174.57
166.24
177.86
160.57
172.56
171.37
159.92
168.03
169.49
173.60
161.79
175.76
158.52
144.77
150.59
166.42
176.12
173.16
160.20
171.70
168.05
163.58
172.95
176.76
173.14
171.70
161.53
158.54
156.81
169.36
163.20
165.45
164.08
164.72
170.72
163.32
167.73
177.72
172.26
166.18
168.69
165.14
157.68
150.92
170.21
164.97
165.32
153.82
172.04
153.91
157.56
177.42
163.63
166.19
176.89
173.06
174.19
155.65
175.07
164.85
166.98
171.50
152.57
161.42
171.56
165.05
170.38
161.76
148.35
174.05
159.62
152.29
169.73
173.93
166.02
165.16
182.50
189.70
171.17
175.00
172.10
163.40
159.54
161.56
157.52
173.63
175.31
164.01
158.56
164.17
171.79
169.89
157.60
162.50
167.10
174.27
152.21
167.22
157.95
172.44
170.03
165.97
166.13
164.98
166.28
159.59
158.90
167.97
165.78
167.66
172.09
158.55
160.84
186.42
175.21
177.01
164.94
147.64
165.09
165.84
171.99
157.97
171.42
166.89
152.25
165.60
156.02
177.33
163.97
166.16
161.50
167.62
182.78
154.62
172.82
180.90
165.49
175.77
166.93
176.99
154.80
164.24
175.56
155.53
164.14
160.80
168.12
167.49
167.27
165.28
159.01
163.59
158.35
167.26
165.82
172.47
172.82
170.43
158.10
167.58
171.43
166.87
180.59
160.00
165.26
165.12
170.27
162.55
174.29
158.02
162.16
156.47
167.27
158.06
154.75
171.32
172.75
159.88
179.80
163.48
172.56
180.78
170.95
185.71
171.92
160.20
167.03
170.83
177.94
167.89
165.77
177.64
177.54
163.60
154.06
160.42
170.56
154.37
154.90
168.40
168.81
178.94
170.85
158.31
165.40
181.51
177.49
155.65
166.41
177.33
163.86
167.10
179.23
160.79
167.30
167.93
181.64
151.74
162.73
149.39
155.28
163.84
149.52
161.00
155.14
161.21
169.63
148.18
154.74
162.51
157.18
167.84
161.41
170.57
164.82
161.40
170.30
164.04
166.11
167.02
168.66
153.54
156.48
163.63
175.62
166.91
165.19
174.06
170.17
169.95
184.55
171.46
166.08
156.12
182.86
151.68
167.81
172.90
158.39
163.98
165.64
166.22
155.39
169.87
173.44
169.64
159.98
157.51
156.68
170.89
164.96
168.52
170.44
170.39
157.33
154.01
171.32
169.64
173.67
183.86
164.88
169.77
173.41
161.77
174.20
170.29
171.45
166.92
167.94
167.91
158.42
163.97
163.33
176.70
159.46
165.16
153.34
168.94
173.88
169.43
155.54
165.64
175.59
160.25
174.59
159.50
170.42
173.67
158.21
172.15
166.33
171.93
176.77
170.96
172.90
153.67
174.85
168.56
168.88
154.90
182.01
163.39
169.54
163.12
170.92
164.70
168.92
163.93
168.93
174.36
160.42
181.18
172.88
164.33
169.34
159.24
169.80
175.66
172.41
183.78
178.43
161.18
175.23
176.70
155.67
175.63
167.89
166.08
164.42
164.35
168.81
168.91
171.98
166.42
163.67
159.95
168.58
177.20
156.37
172.62
170.16
163.14
159.60
170.31
171.40
160.95
163.90
169.92
154.11
168.68
161.23
161.93
163.71
157.71
166.68
169.46
170.66
159.58
163.12
172.27
170.91
165.59
176.19
164.21
168.81
167.07
165.79
159.06
175.31
182.56
182.52
169.45
172.16
156.70
158.79
178.43
174.69
178.74
166.52
167.70
176.34
182.48
177.87
168.83
173.31
171.66
164.99
156.81
168.33
162.97
156.47
164.05
163.25
158.12
171.54
157.64
163.33
173.98
176.84
175.71
159.80
168.14
158.08
171.15
169.30
149.37
172.33
174.06
154.51
160.87
164.34
156.53
162.84
154.57
173.05
166.82
165.89
179.11
165.58
167.54
166.75
161.71
175.19
170.83
169.76
166.80
159.90
172.22
173.22
160.70
168.98
177.24
173.54
164.40
164.80
177.33
170.02
165.82
160.06
172.34
168.46
174.57
164.19
167.61
175.23
175.49
171.37
162.06
164.78
167.50
157.49
172.96
160.37
166.27
177.19
168.92
169.92
160.10
173.31
167.57
166.19
165.68
164.56
184.34
171.75
162.18
172.64
166.25
173.02
181.99
169.38
164.66
162.38
160.54
159.25
149.73
166.26
157.10
159.43
162.15
186.86
177.13
175.98
172.00
172.53
166.87
161.80
170.86
183.34
170.72
171.59
173.14
173.93
167.38
160.95
169.03
173.21
166.17
170.87
166.35
163.68
163.45
163.28
171.66
176.73
174.30
172.57
155.05
163.54
169.31
170.39
180.14
171.30
171.03
173.25
172.36
157.12
159.35
159.24
161.50
168.41
161.27
165.12
171.73
159.14
161.98
181.79
169.04
169.50
178.90
160.20
171.94
155.73
159.20
164.06
170.20
169.47
181.63
158.33
176.73
179.88
165.99
160.83
175.67
167.84
162.61
172.69
162.87
169.61
159.63
166.05
176.33
160.04
158.78
163.66
160.81
170.43
158.15
165.01
173.36
171.76
179.83
172.16
171.14
165.34
160.85
168.69
172.59
158.71
155.03
166.50
160.23
156.71
167.78
163.88
167.77
161.09
158.60
174.79
171.44
180.75
169.88
178.24
161.68
168.11
161.19
168.03
166.22
154.41
163.38
163.98
156.49
177.06
155.68
149.99
166.16
167.42
168.60
163.01
175.86
159.34
159.69
161.90
174.57
153.15
155.76
164.62
157.53
174.69
165.46
165.24
162.46
169.96
174.91
174.53
174.39
176.73
161.54
163.45
166.06
165.07
172.91
169.74
168.13
156.91
158.60
173.63
153.66
154.09
171.63
158.34
161.14
162.19
172.80
172.95
178.23
164.27
168.42
174.33
169.20
169.94
172.81
165.35
168.10
158.72
173.29
162.85
169.85
168.40
156.42
159.41
173.28
155.90
186.71
162.13
163.24
178.32
168.41
158.66
180.00
172.55
166.48
166.27
162.46
175.28
171.44
161.65
178.77
167.90
172.18
172.13
166.65
165.46
176.29
161.12
169.00
163.05
157.97
185.26
158.79
172.37
156.20
172.66
168.33
184.80
168.95
168.81
170.00
170.24
166.44
168.68
167.79
174.45
160.51
173.35
173.58
168.81
162.51
168.65
171.83
161.43
157.31
159.71
172.17
183.25
160.69
164.52
162.59
174.95
169.59
180.87
165.71
169.87
169.45
157.51
168.03
167.60
158.26
170.03
176.91
161.97
182.16
168.50
168.78
168.58
168.94
163.49
159.76
156.10
165.48
171.77
171.86
167.30
173.66
160.24
169.37
153.87
162.59
166.63
167.11
156.19
171.17
177.45
166.81
169.72
166.57
157.11
158.04
162.11
172.46
164.87
180.88
162.51
168.38
179.93
150.18
154.66
170.27
164.73
160.49
173.64
162.73
166.00
151.28
176.17
175.19
161.56
158.75
181.80
168.55
168.13
171.41
174.31
174.93
161.88
168.36
152.13
163.86
160.65
164.43
166.55
171.17
168.98
159.96
159.92
171.52
175.39
173.62
167.04
167.96
166.01
169.60
167.91
166.33
174.06
171.97
163.25
169.96
173.87
160.81
161.54
169.33
164.06
164.08
169.70
165.82
167.90
166.27
166.09
168.52
162.63
172.18
158.73
175.72
175.46
161.91
169.90
164.41
160.04
169.85
151.07
164.68
159.71
157.33
177.11
174.21
177.68
162.45
173.53
168.88
161.61
166.32
159.17
165.28
161.50
173.23
172.74
167.35
166.48
166.21
160.93
163.71
152.16
169.82
167.99
161.65
161.39
162.17
162.56
167.48
174.99
171.11
176.91
172.95
168.85
159.40
162.77
157.70
170.92
169.15
168.32
162.80
171.12
171.94
164.83
164.96
160.69
170.81
171.47
159.22
154.31
179.32
171.69
178.02
151.66
152.63
163.73
165.52
168.60
163.89
177.32
166.49
168.95
149.40
157.67
164.09
175.59
167.07
175.21
170.11
178.77
168.43
171.14
175.08
166.36
159.49
179.69
160.92
170.50
146.76
165.06
177.58
175.71
173.29
169.35
160.63
167.14
154.84
171.49
176.15
165.26
171.67
175.50
163.42
175.23
179.40
169.41
163.88
165.91
164.02
171.76
174.40
157.83
176.03
170.07
156.19
175.95
167.95
163.91
184.00
154.60
171.92
168.06
167.54
167.16
160.32
169.91
172.30
167.26
179.49
171.64
165.64
166.84
155.94
174.15
170.16
171.77
165.78
170.37
163.10
166.57
167.16
171.66
169.13
159.94
170.58
170.68
168.45
167.46
174.80
168.04
176.89
166.31
167.68
166.70
182.05
165.82
169.90
173.15
164.82
161.96
178.49
175.64
161.00
166.86
174.80
163.81
159.45
162.40
154.01
165.29
170.92
164.87
170.24
165.49
161.34
176.74
166.73
166.55
165.84
156.10
166.75
165.50
170.30
170.02
159.51
166.26
158.84
168.24
171.24
177.48
151.10
158.48
160.84
163.21
162.57
179.94
159.59
173.02
167.04
171.11
167.38
180.93
172.20
164.25
165.40
169.44
176.20
159.97
162.49
162.60
178.18
167.01
174.86
168.38
167.86
167.52
177.40
155.26
166.13
168.35
169.81
159.91
169.49
165.67
167.85
178.17
173.40
166.82
161.68
165.07
170.35
174.97
166.42
163.98
185.08
170.25
163.40
173.47
155.78
173.80
162.89
163.78
168.73
165.44
179.37
175.68
169.02
157.12
169.07
173.76
168.34
165.91
168.73
157.11
154.67
177.09
166.69
171.73
159.19
179.24
171.81
163.86
177.08
163.31
158.80
156.30
163.87
162.69
166.76
174.68
176.07
161.79
160.60
166.59
162.39
163.31
165.45
183.24
172.50
181.26
164.70
165.16
171.95
160.16
157.73
157.53
166.61
182.64
181.54
162.33
167.94
169.39
157.91
161.36
144.58
171.60
160.95
174.34
169.37
172.46
167.09
154.22
180.05
158.52
159.29
168.82
171.06
172.00
162.42
153.08
162.80
155.19
173.33
163.45
157.09
162.73
163.51
162.74
182.43
173.92
177.91
161.83
161.79
162.65
159.77
161.41
158.41
169.98
181.28
171.33
164.00
163.65
163.95
174.01
158.34
160.63
160.77
162.29
162.84
157.80
160.73
165.11
165.57
168.46
159.49
159.23
168.44
151.59
165.15
159.75
179.83
164.96
170.86
180.35
164.19
163.56
172.69
171.72
173.64
173.95
172.38
169.10
179.77
165.60
166.83
174.58
170.93
164.61
167.12
176.73
180.77
153.17
168.11
174.10
164.54
161.58
156.05
165.47
166.42
171.06
165.40
163.74
162.81
156.43
162.88
165.35
161.39
158.37
173.65
165.30
166.54
167.30
169.09
167.06
164.01
171.69
165.97
176.92
171.68
170.19
165.03
168.21
167.81
171.30
156.12
173.88
164.42
161.07
167.45
171.64
174.33
163.62
168.29
179.77
165.10
180.52
164.98
169.73
170.59
177.88
162.45
176.60
159.71
167.36
162.81
154.36
166.98
182.12
188.41
174.01
163.33
154.03
156.44
183.78
169.19
148.46
160.16
170.31
185.04
157.14
162.37
175.67
165.93
176.67
166.58
156.99
170.90
181.43
161.42
162.01
159.64
166.58
165.07
169.19
162.98
164.54
171.25
161.17
158.13
167.97
176.50
165.51
161.69
163.90
172.82
172.57
180.12
164.89
165.85
151.37
166.99
177.66
181.56
164.50
172.70
166.54
169.96
161.60
167.41
162.61
169.02
159.35
156.35
185.47
160.91
178.43
158.99
162.12
157.65
168.69
164.94
161.20
161.52
161.21
172.50
161.12
174.92
165.48
180.98
158.37
171.09
178.07
167.48
167.64
159.63
177.92
162.16
171.63
169.09
157.87
173.33
182.35
165.60
171.70
179.78
159.41
180.55
161.38
158.15
173.73
175.89
166.41
168.35
160.96
169.51
177.67
160.08
165.07
172.23
165.12
178.83
170.79
160.47
163.20
153.51
163.05
167.62
148.89
170.62
164.63
166.07
166.99
174.77
168.79
150.95
165.97
175.61
168.98
167.79
167.75
170.49
167.13
169.16
171.14
159.04
168.93
169.33
164.44
161.57
164.25
172.73
161.30
167.41
175.09
157.61
173.37
178.49
187.84
163.04
177.43
161.82
156.94
161.13
185.91
154.96
166.27
172.80
176.58
170.53
165.43
175.77
151.12
164.75
166.82
161.35
169.43
161.98
171.21
176.24
171.23
164.16
170.56
159.35
163.92
172.29
160.07
154.01
179.19
162.61
166.07
173.99
169.06
161.78
166.68
168.09
173.55
172.88
175.51
157.80
169.51
166.17
175.39
174.99
175.64
165.78
171.73
164.87
167.71
167.06
161.47
154.60
153.01
173.02
162.10
166.01
150.78
172.01
153.57
173.38
165.62
159.93
170.31
163.93
165.18
180.83
151.94
164.94
163.32
160.67
156.84
167.02
161.79
169.98
175.24
157.77
170.08
171.17
174.79
175.32
172.72
167.92
169.55
163.87
179.93
170.40
157.48
162.25
164.92
159.16
177.61
164.49
166.05
169.88
166.56
172.48
168.35
165.30
172.32
157.85
169.08
163.15
175.40
168.34
167.12
165.31
158.98
163.78
172.04
160.82
158.65
163.46
159.67
163.39
159.71
161.05
169.84
174.49
166.04
174.74
157.41
150.89
158.14
172.68
163.59
158.57
170.57
163.43
171.80
178.93
159.68
173.08
169.28
158.26
156.70
157.54
172.76
173.20
163.49
156.74
167.36
163.90
178.23
160.01
165.91
172.47
169.14
168.80
166.66
163.92
174.47
165.96
156.85
164.11
160.34
180.96
164.12
168.81
182.49
165.60
158.10
176.69
161.79
165.59
164.66
173.79
159.78
169.52
165.81
168.42
170.19
160.03
163.38
159.55
168.31
158.02
181.76
162.37
171.52
172.75
175.91
164.36
164.39
164.34
166.68
163.75
166.96
166.92
168.83
171.98
164.01
159.41
167.26
166.92
153.11
166.32
179.66
165.23
178.61
161.77
161.43
167.90
161.24
158.14
172.74
172.49
165.45
175.36
161.58
170.26
158.97
176.62
168.97
157.93
169.93
169.17
176.88
171.05
164.14
174.87
157.62
166.53
166.74
168.84
173.19
169.09
166.00
151.16
160.96
173.71
179.95
164.26
163.17
172.97
174.42
157.41
160.03
157.01
168.25
169.16
159.80
174.17
163.15
178.54
170.65
157.92
173.07
180.13
164.47
166.53
154.76
164.38
165.15
158.35
173.56
167.15
166.13
162.79
168.15
166.79
167.42
176.79
176.69
162.88
176.66
162.70
166.92
172.82
162.48
163.88
170.43
162.42
179.56
172.04
168.12
162.93
156.75
164.09
159.93
166.37
160.42
164.86
159.54
161.74
167.76
161.73
172.06
170.48
170.07
152.85
156.55
169.48
165.80
166.81
165.21
169.82
168.20
161.45
168.95
173.91
186.31
160.99
158.79
168.20
172.71
177.10
167.83
174.46
169.88
156.94
160.95
171.47
166.72
159.44
167.42
177.21
153.13
157.42
167.79
171.88
151.05
172.12
164.59
169.41
171.25
180.17
163.06
176.27
177.54
165.56
162.24
147.88
174.38
167.27
171.96
153.63
174.25
170.82
164.76
170.34
163.74
163.79
165.01
164.69
177.71
164.06
159.01
165.18
163.52
162.84
164.30
166.36
157.33
171.89
182.59
159.49
171.90
167.98
177.46
176.06
171.94
174.26
159.90
166.77
167.63
153.27
169.01
173.65
172.75
174.42
165.31
156.70
168.33
177.33
162.86
184.81
175.10
158.02
174.42
162.94
166.71
163.41
161.27
173.15
156.39
168.11
172.67
168.13
173.75
165.68
161.98
172.17
166.25
169.65
166.38
173.18
160.07
166.71
168.95
167.81
170.74
178.84
177.97
151.26
168.36
175.65
166.91
169.02
164.37
153.43
178.48
169.54
171.09
161.50
163.23
188.77
167.60
166.50
170.33
167.48
170.64
183.89
157.83
169.45
156.50
168.19
154.35
166.22
171.33
167.15
152.07
166.05
160.47
176.67
168.36
169.96
159.68
162.93
177.62
174.17
173.60
153.62
156.12
174.35
154.07
159.08
169.15
161.59
171.48
168.83
172.07
153.97
166.83
169.56
178.49
180.83
168.02
175.06
163.66
168.83
164.05
168.34
159.95
156.26
180.16
168.30
180.23
165.33
162.33
161.71
158.52
165.27
169.78
156.55
163.68
175.48
173.66
167.62
171.12
166.07
155.75
174.39
174.94
171.10
165.05
167.13
166.65
157.28
172.14
165.33
174.48
165.66
170.94
171.55
170.84
167.35
174.00
171.45
160.47
152.37
154.07
174.04
169.75
170.60
161.57
167.84
164.58
158.23
153.69
167.67
175.85
167.29
175.11
178.51
166.13
164.47
161.08
182.62
171.92
168.52
163.32
166.14
163.86
164.44
159.77
161.93
172.75
167.37
168.90
163.33
165.76
161.76
162.51
162.04
154.23
161.50
159.52
161.59
169.00
177.46
164.57
179.65
171.57
172.20
164.62
159.04
168.75
184.30
168.73
163.29
168.70
159.63
160.04
166.06
152.13
153.64
169.90
168.25
182.22
161.26
169.51
175.56
172.79
160.61
157.34
169.56
153.81
167.17
170.35
163.66
164.92
159.30
173.08
175.06
158.32
164.40
183.27
163.39
171.23
160.15
176.77
172.95
176.27
166.47
166.86
179.62
156.83
166.56
168.23
162.45
175.64
166.02
166.71
172.36
171.16
166.01
153.62
181.57
166.22
174.03
161.48
169.80
167.59
166.52
175.31
162.03
165.52
175.30
175.13
172.91
161.47
165.87
154.38
164.26
174.15
164.89
184.76
170.78
172.90
172.44
154.27
159.90
168.92
175.71
169.27
169.04
168.14
169.76
170.31
167.96
170.99
158.75
165.27
181.02
161.18
156.41
176.07
157.62
182.54
159.52
153.41
168.22
171.59
166.44
179.75
163.22
160.00
165.37
186.43
173.99
172.82
162.27
154.91
160.40
165.90
165.71
145.02
155.79
165.32
180.30
158.64
179.90
144.33
163.33
177.23
163.82
157.16
155.54
176.74
164.74
170.70
168.66
163.53
151.93
162.78
163.83
158.97
177.41
176.34
167.15
179.54
153.69
165.03
167.03
163.73
163.85
170.18
173.27
158.25
169.45
172.00
161.45
157.14
161.50
169.83
176.01
161.80
161.98
172.45
161.82
174.09
165.98
176.58
167.73
159.79
159.31
167.49
157.45
154.43
161.67
170.41
166.76
172.70
162.79
170.75
176.59
169.04
167.88
172.94
165.29
161.01
179.56
164.78
171.36
171.03
168.06
148.23
168.45
153.19
169.76
160.06
172.25
171.09
164.13
164.20
166.76
160.05
154.55
165.25
169.27
155.33
171.35
158.41
162.87
158.89
153.04
166.78
177.09
179.02
159.37
158.19
163.18
165.23
165.81
165.07
170.38
175.01
169.78
153.46
166.55
172.11
168.64
159.24
159.43
166.12
162.09
164.32
172.17
158.38
162.01
162.72
169.19
162.93
165.19
170.01
163.02
150.10
174.91
172.25
160.49
164.42
160.80
169.31
174.00
162.77
175.29
174.77
170.90
168.03
166.02
172.18
163.38
159.09
169.87
154.45
172.46
172.07
166.30
171.93
161.16
158.24
156.93
167.98
167.96
181.42
159.97
174.66
169.62
175.95
173.73
164.41
164.45
174.38
155.95
152.23
172.50
147.98
173.64
160.04
162.56
173.31
162.96
164.36
160.43
162.68
170.88
174.01
166.38
157.96
164.39
170.04
167.52
166.81
168.31
187.44
168.47
168.53
171.13
174.43
159.19
164.56
174.88
165.40
174.26
174.21
170.06
170.80
167.48
164.25
161.79
167.74
180.73
168.71
162.90
173.03
155.37
180.82
155.70
169.60
158.90
168.29
171.68
162.20
166.93
163.79
176.77
174.81
155.34
167.34
168.38
161.78
166.71
163.56
160.28
158.84
176.77
169.49
182.84
166.16
165.68
184.53
166.23
177.57
166.43
161.64
181.99
175.51
169.16
170.68
166.16
166.94
158.41
165.58
165.39
177.37
163.72
177.94
170.36
176.85
162.94
177.30
171.05
177.29
176.36
164.28
158.80
154.47
180.80
166.26
168.07
160.11
166.28
178.57
164.18
175.67
167.47
183.53
161.77
165.19
182.31
177.71
164.97
159.86
181.36
164.94
174.48
171.14
160.04
167.88
164.86
165.22
171.89
172.38
171.86
161.92
171.21
170.21
165.68
169.29
176.06
174.30
160.85
187.94
156.32
175.67
165.38
176.50
163.64
156.59
156.03
164.77
167.83
167.37
166.12
168.41
165.24
164.83
179.27
160.00
173.20
157.98
176.31
164.00
158.59
154.02
160.98
167.91
166.93
171.58
181.74
168.79
167.17
170.59
160.91
170.97
167.85
171.50
171.74
154.25
187.17
168.27
170.37
175.13
159.56
164.89
175.38
159.58
160.38
168.70
164.24
169.26
177.66
173.47
163.20
153.34
165.15
168.92
166.09
162.62
164.23
167.64
178.15
174.32
165.07
161.54
153.69
166.40
164.17
169.16
167.65
170.23
165.31
177.21
162.53
160.96
168.72
169.90
182.59
158.88
171.52
177.89
172.09
172.61
171.06
162.43
161.32
161.50
179.94
154.50
180.27
166.27
158.96
174.15
170.21
178.98
169.45
167.48
172.36
166.11
153.94
163.82
154.19
166.55
161.76
167.69
162.81
169.14
148.42
163.97
176.63
165.02
162.89
177.54
150.97
168.96
167.78
168.54
169.22
168.56
183.06
187.14
185.51
169.51
164.16
159.54
168.92
155.68
174.09
167.55
167.21
152.78
149.03
163.30
167.11
168.89
156.39
173.96
154.09
170.37
157.16
161.29
152.20
165.77
159.95
180.94
168.66
167.99
162.45
168.45
174.50
166.58
160.48
177.87
176.62
178.72
155.82
170.78
152.36
166.02
170.54
157.59
178.67
158.63
172.11
180.45
171.69
178.15
169.29
163.30
163.27
178.04
163.80
171.50
170.47
163.62
161.86
171.88
153.57
164.43
150.89
166.98
172.01
168.55
167.11
167.59
169.85
182.61
174.26
169.83
173.55
155.67
164.16
174.51
175.29
168.50
178.87
166.91
164.68
156.62
161.59
157.73
177.40
169.24
171.26
173.01
173.71
158.99
171.00
176.32
174.54
166.51
168.71
168.80
161.87
166.13
169.61
168.42
166.56
175.16
167.46
166.83
165.62
163.52
175.58
163.38
171.47
164.49
176.54
173.86
167.07
179.91
172.56
159.65
170.82
161.57
156.47
162.09
163.58
169.37
165.24
165.49
161.13
177.79
170.79
178.21
174.68
166.75
174.01
173.82
162.90
161.83
176.76
165.69
160.64
151.33
173.71
157.48
153.11
176.80
174.23
165.99
158.33
161.57
166.00
165.26
166.34
170.08
161.40
171.98
171.89
176.47
164.72
156.97
164.94
166.12
171.39
163.09
165.64
164.76
157.20
169.60
163.24
163.49
168.80
183.85
166.60
163.19
164.34
164.82
171.17
171.84
175.54
159.28
166.85
174.84
149.45
166.15
181.76
150.04
178.00
167.86
168.99
171.63
166.76
172.58
166.96
176.75
167.99
162.72
159.26
155.88
158.55
152.58
169.29
165.17
176.27
162.52
170.66
163.95
161.49
171.61
163.86
162.38
167.80
170.52
176.83
158.16
164.44
168.18
162.47
176.65
172.97
162.78
167.47
164.98
168.96
150.11
188.83
169.74
163.47
177.80
178.29
185.60
166.77
155.82
163.83
158.54
150.48
160.09
143.44
167.22
161.82
159.37
176.63
167.53
165.59
163.67
153.89
168.79
170.22
168.86
166.60
165.50
154.46
170.02
164.90
166.78
159.45
178.91
169.32
177.77
173.77
159.01
162.56
176.24
179.55
160.66
169.23
164.63
161.52
153.55
165.96
172.70
174.46
164.11
165.01
165.26
163.52
161.99
159.88
166.14
149.37
163.23
157.95
167.00
169.63
167.72
166.92
171.31
160.96
178.09
168.65
168.41
162.22
161.78
170.24
169.94
179.89
172.49
164.18
161.72
159.21
170.63
166.82
156.44
162.34
164.28
177.89
166.89
160.66
171.79
148.85
177.28
170.45
159.24
163.48
163.18
169.39
170.82
162.06
169.94
163.13
162.49
151.17
178.62
159.02
165.61
162.46
167.36
178.25
168.42
165.74
163.47
167.52
160.44
166.45
180.47
162.79
155.87
154.94
161.84
164.45
158.24
152.30
158.93
176.79
173.44
172.41
164.72
166.55
178.01
161.44
171.92
171.76
158.32
172.17
169.87
168.96
173.84
168.09
162.92
150.35
142.99
172.77
165.18
149.98
168.04
168.98
181.39
187.33
154.39
161.82
159.85
162.09
167.17
169.10
177.68
171.32
161.51
167.00
167.53
177.04
167.89
164.30
161.18
177.37
174.73
172.36
176.66
172.97
161.23
164.27
178.85
173.03
167.45
170.47
174.72
164.96
159.01
163.51
176.99
160.02
158.33
162.22
162.86
168.72
157.42
160.72
160.66
182.55
157.48
152.35
170.10
153.57
161.96
169.43
165.58
169.69
162.56
168.19
157.13
169.95
173.41
161.17
168.68
154.89
160.03
163.93
167.42
161.95
171.56
170.75
157.31
162.67
167.34
169.46
165.63
171.96
166.71
171.85
173.02
170.91
175.44
161.78
161.52
166.90
170.87
167.07
155.68
174.34
162.74
170.50
167.39
162.72
164.13
162.68
159.37
161.13
163.65
167.75
166.06
183.72
161.80
177.94
172.45
171.54
172.71
171.82
169.79
163.90
186.29
169.44
161.96
163.54
166.24
168.53
181.67
175.02
152.71
167.85
163.35
171.26
173.73
167.18
168.47
163.30
167.57
168.26
168.16
156.52
155.81
150.79
172.12
171.12
168.39
166.25
164.27
168.27
170.10
162.92
162.59
172.62
165.19
167.18
175.04
162.94
161.33
161.45
166.55
171.33
161.95
170.18
174.99
163.21
163.50
171.04
169.52
166.36
152.31
170.47
177.83
171.63
178.41
164.55
168.66
160.28
166.53
157.11
170.83
176.12
171.74
168.94
176.39
169.79
164.47
172.38
169.33
159.92
164.45
155.25
156.45
164.55
168.43
152.40
178.68
165.18
166.68
163.88
155.87
173.92
168.84
159.74
161.10
167.30
173.26
164.71
165.74
169.84
163.35
160.83
169.18
154.46
163.18
170.60
164.50
170.23
165.27
164.42
170.99
164.07
187.24
164.35
169.47
162.30
157.65
186.28
159.33
152.03
157.40
164.54
164.41
177.43
153.13
161.12
163.65
160.90
165.63
164.64
164.03
164.76
156.35
168.24
179.09
168.49
168.11
163.91
165.60
163.01
163.89
174.09
167.17
179.63
163.23
165.38
171.76
156.77
168.58
165.63
167.24
169.04
162.93
168.13
170.86
173.92
163.14
164.29
153.94
165.60
175.38
164.20
171.55
180.65
166.83
168.01
168.50
151.16
166.59
157.33
173.47
174.08
168.60
156.65
167.97
163.37
161.11
181.10
156.48
159.73
161.54
168.24
156.96
160.76
173.46
159.37
170.63
165.45
177.44
168.60
171.75
165.83
160.77
171.60
163.04
162.73
177.40
161.24
154.69
166.83
172.81
165.28
156.51
166.25
169.87
166.38
162.37
165.83
171.01
161.82
172.84
161.89
161.44
163.54
174.29
162.15
167.68
156.48
155.30
167.37
159.24
160.49
164.08
163.94
167.79
169.94
164.85
156.23
167.14
168.94
162.50
166.61
161.75
172.22
165.09
168.71
180.85
167.16
172.08
168.26
166.15
156.48
158.66
178.65
166.04
173.03
169.41
162.06
166.53
168.31
167.70
167.46
153.71
171.09
164.05
167.48
166.31
172.24
178.73
166.94
160.31
160.60
163.92
164.32
171.69
164.89
158.03
171.30
165.06
164.01
169.68
177.12
174.47
178.98
172.91
170.16
173.72
164.15
157.63
162.56
156.21
180.48
171.61
174.66
172.10
171.28
161.89
169.76
179.37
157.07
159.12
154.33
166.31
166.76
161.51
157.55
163.99
169.56
165.41
166.55
169.16
169.71
173.22
167.03
162.78
169.25
154.57
161.93
172.59
165.38
167.99
170.62
172.88
157.48
171.06
177.49
172.45
172.31
155.22
166.35
163.13
159.42
161.92
173.45
172.47
166.67
165.49
169.48
165.70
164.01
160.94
157.90
162.27
179.40
168.43
168.68
174.48
159.90
168.69
174.71
167.78
176.16
173.84
168.05
168.09
165.34
184.98
179.56
157.55
165.41
166.12
167.99
175.83
169.82
157.72
176.89
166.78
161.56
175.38
170.75
155.00
154.81
164.13
169.58
171.38
164.59
166.45
179.65
169.97
162.50
162.05
165.52
172.73
166.10
161.24
164.35
162.31
164.33
162.83
166.99
166.49
171.11
164.15
168.43
156.66
170.95
172.48
170.73
166.59
156.44
164.08
166.41
175.05
156.20
173.74
163.63
170.29
176.82
156.60
176.68
169.51
161.75
169.21
168.57
165.96
160.27
164.53
163.76
155.82
162.96
167.55
163.56
172.69
161.12
169.62
170.02
169.26
170.01
181.50
170.32
165.71
165.46
161.40
174.08
177.43
158.38
164.94
158.43
167.44
162.73
170.93
164.68
172.50
169.46
164.63
164.53
165.11
173.79
163.08
172.79
160.71
172.03
155.32
174.88
166.07
172.80
163.23
153.48
159.27
161.16
172.50
168.46
166.62
170.77
172.25
168.60
166.19
162.40
168.81
176.31
158.08
173.04
173.89
161.31
172.22
161.25
160.46
173.52
169.56
164.03
157.62
174.86
172.69
179.38
175.71
166.46
160.52
169.12
169.09
170.97
175.72
162.57
169.46
170.57
162.77
164.03
156.65
173.01
173.30
166.18
176.46
167.20
153.60
168.15
165.17
159.92
163.54
156.71
158.15
181.89
160.45
161.09
159.95
167.37
160.07
157.23
156.01
160.52
165.34
174.19
161.01
162.12
170.09
156.67
169.40
164.59
167.06
163.86
162.63
161.27
157.95
174.72
163.65
173.97
171.04
164.86
171.79
171.96
160.73
161.64
182.26
167.23
178.12
172.41
166.50
152.53
180.54
166.70
166.44
168.96
171.74
179.38
150.61
172.97
174.89
172.52
171.65
164.65
167.18
157.68
169.32
175.61
166.08
168.86
156.97
160.78
169.62
157.44
181.26
161.75
157.97
169.98
165.78
167.00
175.87
161.72
165.87
174.45
177.88
162.06
176.93
164.03
152.44
170.02
164.29
167.72
175.30
157.57
164.16
160.41
163.90
165.08
167.98
169.09
177.30
154.36
151.71
157.23
163.23
175.92
163.38
167.21
176.38
155.77
165.57
162.53
173.95
153.35
169.19
169.31
179.16
167.50
162.00
169.12
153.74
182.40
162.05
170.31
177.78
175.18
160.32
153.80
163.21
156.91
158.79
165.21
167.46
171.09
177.05
175.22
176.94
172.58
174.16
158.07
170.31
160.45
176.58
178.10
161.88
177.32
167.27
176.96
169.41
172.90
173.17
168.77
163.33
168.26
161.95
154.68
171.54
162.38
161.71
170.58
173.99
161.56
168.39
167.42
165.32
169.64
168.11
166.45
177.85
159.41
168.37
177.85
143.33
168.11
167.95
174.02
159.50
171.22
167.98
158.40
157.49
173.08
167.56
162.82
165.53
172.87
178.31
159.50
162.68
173.84
168.66
157.31
171.41
165.28
163.16
160.80
162.52
175.40
169.77
172.19
160.41
182.42
169.61
172.64
168.43
166.51
164.08
173.98
174.71
167.91
167.28
173.75
165.41
161.31
167.14
157.37
171.22
171.10
170.35
170.89
163.99
165.88
164.17
166.52
170.56
164.73
169.11
172.37
173.47
171.58
158.97
162.14
171.35
173.03
171.07
176.51
168.68
163.71
170.25
173.01
176.60
168.31
166.37
161.56
161.23
171.15
161.85
162.03
167.94
184.36
167.28
174.93
173.42
160.75
168.88
159.62
168.24
168.64
183.82
153.85
166.77
160.67
165.22
173.83
164.05
170.81
165.51
170.97
159.85
158.28
175.67
161.81
161.53
167.92
163.66
177.14
170.29
169.88
157.52
160.06
159.92
180.70
170.43
174.80
161.11
162.53
160.35
161.96
167.23
163.17
171.71
178.24
161.92
163.32
165.56
166.75
160.10
165.02
162.89
172.90
177.13
170.37
159.16
161.90
154.79
168.53
164.13
153.88
154.23
170.26
161.71
177.23
160.62
165.41
154.82
161.10
168.47
158.16
159.32
177.64
167.09
167.30
179.06
166.31
166.52
178.18
159.09
168.49
168.60
161.23
177.74
163.67
174.17
174.34
176.25
168.00
166.51
181.63
189.18
183.00
165.78
156.97
160.99
167.05
167.29
151.14
185.73
170.58
172.16
167.42
164.19
166.70
176.74
165.87
168.37
162.51
171.77
153.80
152.70
176.34
168.34
170.25
171.95
173.16
167.33
170.06
166.52
168.57
170.35
171.28
155.89
166.99
169.81
163.52
176.70
177.89
155.28
180.21
169.19
177.06
167.88
171.69
169.28
169.05
162.63
175.58
165.64
168.34
161.20
170.98
176.35
170.71
184.36
168.49
173.11
177.57
176.59
159.19
166.86
156.61
171.21
184.99
161.72
161.74
165.72
173.15
176.35
170.17
163.83
171.35
167.91
155.59
162.99
173.69
170.63
167.99
160.47
152.25
158.84
172.37
153.79
166.55
167.66
178.85
176.39
162.00
172.61
166.92
173.23
170.88
174.39
163.02
160.06
169.40
169.38
180.09
180.62
179.13
159.67
171.24
178.17
164.48
176.46
171.55
157.30
162.64
170.13
166.57
168.01
178.10
161.13
173.91
164.68
157.78
163.41
164.69
177.04
167.34
177.72
167.76
172.07
161.72
164.54
170.27
174.73
169.61
172.70
163.29
165.14
160.66
156.41
153.43
174.04
166.75
159.42
175.86
164.24
171.17
177.45
168.63
161.88
175.05
163.91
155.13
173.18
169.29
162.16
152.81
164.60
168.29
167.72
172.55
158.37
169.13
152.54
159.94
167.20
155.16
164.22
157.76
170.01
163.60
172.09
167.03
167.02
172.02
170.76
161.90
171.79
168.35
158.93
165.19
167.71
157.96
162.12
151.72
171.71
174.65
161.25
159.06
166.91
173.72
164.21
165.18
170.19
177.84
163.61
164.73
169.80
176.82
152.02
169.72
160.50
162.58
173.20
172.86
162.58
164.21
166.29
165.65
162.21
173.75
167.63
159.40
178.17
171.93
162.84
166.13
167.66
148.83
160.71
176.43
154.38
168.69
166.18
165.91
169.60
180.30
170.28
172.54
159.07
169.97
160.02
167.35
166.23
167.34
172.37
165.32
164.55
160.31
164.17
171.77
170.30
153.35
165.43
166.17
167.50
173.96
166.01
172.42
152.64
178.21
161.64
165.92
184.91
155.63
155.71
171.01
168.77
164.88
169.79
161.93
165.91
185.00
173.50
168.85
184.42
162.35
161.59
179.47
166.61
171.95
159.71
162.52
169.02
177.13
184.66
159.85
161.06
157.35
173.51
173.05
146.58
159.97
164.33
170.26
171.96
169.21
166.00
155.57
174.19
175.44
172.26
179.79
158.88
164.08
166.70
168.07
163.15
165.77
167.15
175.36
175.69
165.85
146.33
167.26
167.08
172.14
172.30
168.00
168.81
159.85
155.97
163.01
165.07
167.65
163.56
163.13
171.33
162.07
160.27
162.88
172.08
165.38
161.10
153.90
164.06
171.51
165.95
167.53
168.63
169.92
163.52
167.90
173.19
169.45
165.31
154.41
175.05
180.22
160.21
167.89
165.18
176.62
176.07
164.27
173.95
169.59
167.37
170.26
181.82
172.03
166.88
167.41
172.77
170.10
175.57
168.45
178.75
161.59
162.57
158.35
180.82
165.98
165.50
161.73
162.64
169.76
170.84
167.44
168.25
165.01
170.93
170.06
171.43
169.97
162.13
164.07
165.09
164.93
165.78
152.78
160.03
173.62
164.79
161.75
169.38
162.35
154.31
169.93
168.69
158.66
179.95
171.06
179.57
179.17
165.19
164.57
170.06
162.78
169.14
159.24
163.02
168.81
163.53
152.68
167.66
164.13
162.34
169.99
160.42
173.76
163.84
170.41
165.24
175.18
182.97
165.93
167.51
163.66
164.84
159.03
165.10
170.50
151.16
172.76
175.82
170.71
165.60
168.83
184.55
168.42
177.33
172.30
168.66
158.64
179.31
175.62
166.67
175.50
169.10
167.65
174.13
172.06
173.96
162.90
172.34
169.60
167.75
168.41
159.54
164.37
181.60
178.64
170.15
172.16
162.56
155.96
164.53
166.94
174.31
158.58
161.80
168.41
160.71
168.82
171.74
168.49
160.14
163.41
173.86
163.77
156.94
162.27
167.61
169.02
166.11
167.02
156.70
160.37
176.80
167.36
162.79
166.34
162.91
168.26
169.34
167.55
159.80
166.57
167.29
171.71
165.43
172.33
160.26
168.03
171.87
166.26
167.91
162.33
166.59
172.24
166.09
152.87
175.31
177.14
189.46
163.71
160.63
174.85
173.02
157.70
160.73
172.55
167.23
163.96
168.73
155.69
168.17
164.20
173.18
176.12
175.34
168.95
168.97
174.37
158.83
177.00
173.26
161.08
165.51
165.23
173.98
171.44
170.11
157.60
168.06
164.32
176.80
162.80
162.99
163.25
166.11
169.75
176.40
169.61
173.85
167.06
178.31
165.48
170.64
171.23
163.37
178.94
155.07
152.40
160.55
174.96
163.47
160.59
163.53
160.36
174.66
171.70
178.04
165.59
161.29
170.25
164.66
165.97
172.02
170.42
162.56
168.37
166.32
172.88
163.08
161.36
169.09
173.37
164.36
161.89
146.46
169.97
168.50
182.93
172.28
186.83
160.40
173.20
164.67
154.36
164.74
168.80
169.86
159.14
164.93
